INFO: 2022-10-21 10:37:31.153591: SQLite v3.39.2
INFO: 2022-10-21 10:37:31.161178: Database Version: 1
INFO: 2022-10-21 10:37:31.163466: SQLCipher v4.5.2 community